102.84279046739678   26.752932184371197
102.72847728788078   26.817482703229146
102.64738258162322   26.945217707123067
102.55032913103264   27.13659254066028
102.4860604921697   27.327663811125944
102.35611381446876   27.503470195707834
102.25906036387816   27.694845029245045
102.26003610232243   27.837693137486966
102.24483626566828   28.01243705131842
102.24581200411255   28.155285159560336
102.26328856380336   28.313853498293355
102.32972551032023   28.44022246836529
102.37987846635599   28.58261523199988
102.36457021431914   28.741487133804455
102.33276114103576   28.884638805117927
102.30149414466587   29.107150536565793
102.26990190214788   29.282046231933023
102.15699812260695   29.552932907140413
102.12594795700245   29.807188662642044
