102.381521794841 29.222517588342
102.399022241371 29.2055770896077
102.42182280939 29.1772462661979
102.449023495164 29.1473853929502
102.477124183989 29.1076642446949
102.49362457456 29.0780333955193
102.515025063445 29.0315820716874
102.530525400541 28.9901908979752
102.54462570655 28.9523098238881
102.549225777111 28.9264590993071
102.563626083441 28.8849979253531
102.571126165944 28.8278163269223
102.568326008891 28.7907153025919
102.557425669158 28.7720348026712
102.552225452104 28.7375038535026
102.550025321885 28.7049529541922
102.540824991065 28.6683719546567
102.536924829715 28.6429212550305
102.532924669552 28.6192606051952
102.529724533483 28.5965599806365
102.525524371864 28.5746993810088
102.533124527782 28.549958681928
102.543424742767 28.5181877832804
102.555225014222 28.4936970841476
102.561825140584 28.4680063603012
102.568725290443 28.4495358363087