103.19735213496992   25.860760317078853
103.26183760459826   25.70143307066695
103.27714585663512   25.542561168862377
103.27595328742544   25.3679690365667
103.27497754898117   25.225120928324777
103.20810694093349   25.03526391014533
103.17412955999616   24.8609753409212
103.15654458492267   24.6865349901613
103.10628321350421   24.52827021449983
103.0724142479496   24.369853657302585
103.07122167873992   24.19526152500691
103.037461128568   24.052716979836543
103.02020139964259   23.925892665157278
102.9540896992738   23.84713973116599
102.88754433737421   23.704898749067173
102.85421744873307   23.625842252004325
102.80395607731462   23.467577476342857
102.75401995204426   23.35692873676203
102.68790825167547   23.278175802770733
102.6379721264051   23.167527063189905
