102.90836009085209   26.75232505822809
102.97284556048042   26.59299781181619
103.03754786087416   26.465414589458046
103.0530729436764   26.338286711707234
103.10127442282361   26.194983258857988
103.13330032687237   26.083575611598274
103.14882540967463   25.95644773384746
103.11495644412   25.798031176650213
103.11430595182381   25.702799104488935
103.09715463828111   25.591846801836553
103.06339408810918   25.449302256666186
103.07902758629413   25.338046390942253
103.07837709399794   25.242814318780972
103.06122578045523   25.131862016128593
103.04396605152982   25.005037701449332
103.02681473798712   24.894085398796946
102.99294577243249   24.7356688415997
102.95940205302597   24.624868320483095
102.9093575123729   24.498347568875385
102.8920977834475   24.371523254196127
102.85866247942366   24.2765947451064
102.75933230579642   24.134657326079136
102.69278694389683   23.992416343980324
