102.5	30.0	0.9248967477746295	0.07586064829600832
102.6	30.0	0.908074140212025	0.075452934414886
102.69999999999999	30.0	0.8520599704289165	0.06984529203759927
102.79999999999998	30.0	0.6633207688551755	0.043065749379982005
102.89999999999998	30.0	0.6908091914329907	0.043854901375481356
102.99999999999997	30.0	0.6455397651472294	0.04194749325743429
103.09999999999997	30.0	0.5867196256555026	0.0379670452989892
103.19999999999996	30.0	0.5217801166507157	0.030759321130248977
103.29999999999995	30.0	0.5372919327430262	0.03271027652952669
103.39999999999995	30.0	0.5628587749485476	0.035571204260995644
103.49999999999994	30.0	0.5942237840336912	0.03916508779236058
103.59999999999994	30.0	0.6633207688551755	0.045411885268118415
103.69999999999993	30.0	0.6771378658696374	0.046363850976483365
102.5	30.1	0.9464805746817844	0.07443354738740765
102.6	30.1	0.9328738804775871	0.07678184701002515
102.69999999999999	30.1	0.8421154211792916	0.06292501906855653
102.79999999999998	30.1	0.6639981917808185	0.04281644473173789
102.89999999999998	30.1	0.5722667015957447	0.034614756302318216
102.99999999999997	30.1	0.671542386347502	0.047693793770176865
103.09999999999997	30.1	0.6379400277600683	0.042984066323947225
103.19999999999996	30.1	0.5259982746373887	0.03173144228561185
103.29999999999995	30.1	0.5504756633090544	0.032348539029214626
103.39999999999995	30.1	0.5835613524381099	0.036265569658963055
103.49999999999994	30.1	0.6305174574708902	0.041284389986591286
103.59999999999994	30.1	0.667406208719807	0.04450858394644771
103.69999999999993	30.1	0.709663717960331	0.04881748634796396
103.79999999999993	30.1	0.7182904779360281	0.050464863244734696
104.39999999999989	30.1	0.6750286458738257	0.039784640564071
104.49999999999989	30.1	0.6639981917808185	0.038097690291847626
104.59999999999988	30.1	0.642351271610849	0.03295957156730321
102.5	30.200000000000003	0.9106221439338172	0.06627430370928761
102.6	30.200000000000003	0.931534779701978	0.06639875998016284
102.69999999999999	30.200000000000003	0.7803986698881563	0.05824040821151056
102.79999999999998	30.200000000000003	0.6743284953798441	0.04548915801410357
102.89999999999998	30.200000000000003	0.671542386347502	0.043326244992062585
102.99999999999997	30.200000000000003	0.6586173102270306	0.05105761651384736
103.09999999999997	30.200000000000003	0.6167639203126163	0.04261737891482729
103.19999999999996	30.200000000000003	0.6092527920767247	0.0383108892784567
103.29999999999995	30.200000000000003	0.5697605298953855	0.033268464460586664
103.39999999999995	30.200000000000003	0.6103964005969207	0.03655176495425113
103.49999999999994	30.200000000000003	0.6599543222519794	0.04252527328607934
103.59999999999994	30.200000000000003	0.6989800240566817	0.04554827538181935
103.69999999999993	30.200000000000003	0.7073468903065725	0.04734141512953289
103.79999999999993	30.200000000000003	0.7104393777165825	0.05118352606894311
104.2999999999999	30.200000000000003	0.6633207688551755	0.03927301160740183
104.39999999999989	30.200000000000003	0.6552984063500673	0.03771676391493746
104.49999999999989	30.200000000000003	0.671542386347502	0.037564902423718224
104.59999999999988	30.200000000000003	0.6533231014343014	0.03177490398498463
104.69999999999987	30.200000000000003	0.6366907986937729	0.029106986378582857
104.79999999999987	30.200000000000003	0.6448995319851626	0.02831452310546307
104.99999999999986	30.200000000000003	0.6354464613129185	0.023352872355422764
102.5	30.300000000000004	0.8260486970949109	0.05297002284897173
102.6	30.300000000000004	0.8345403015893638	0.05322758290112604
102.69999999999999	30.300000000000004	0.7081174798094877	0.051207066630092196
102.79999999999998	30.300000000000004	0.6944993478441751	0.05536765446890204
102.89999999999998	30.300000000000004	0.7403840305477312	0.05548808109889681
102.99999999999997	30.300000000000004	0.6232659199386802	0.04810860109582047
103.09999999999997	30.300000000000004	0.6335890643738318	0.044896686767988615
103.19999999999996	30.300000000000004	0.5819949512113662	0.03600778225656931
103.29999999999995	30.300000000000004	0.5936814027178371	0.035120213036905976
103.39999999999995	30.300000000000004	0.5997026936816793	0.03563178015527613
103.49999999999994	30.300000000000004	0.6317425131386656	0.04043703933089061
103.59999999999994	30.300000000000004	0.6566219382266675	0.04276154862939723
103.69999999999993	30.300000000000004	0.7088897538467525	0.04873397327367683
103.79999999999993	30.300000000000004	0.7238905416622635	0.05336255876400462
104.1999999999999	30.300000000000004	0.6806827374485063	0.04319778859131359
104.2999999999999	30.300000000000004	0.6526673151259157	0.03859677302625583
104.39999999999989	30.300000000000004	0.6417173557584104	0.0368646186354552
104.49999999999989	30.300000000000004	0.6835455255500356	0.03874903477313565
104.59999999999988	30.300000000000004	0.6599543222519794	0.03319493934876516
104.69999999999987	30.300000000000004	0.6404532769934295	0.028639643287739325
104.79999999999987	30.300000000000004	0.6513596915348453	0.028738403424678288
104.89999999999986	30.300000000000004	0.6468240597227471	0.025207896081848306
104.99999999999986	30.300000000000004	0.6423512716108498	0.02175442520125614
105.09999999999985	30.300000000000004	0.636068020343378	0.022892658802963078
102.5	30.400000000000006	0.7647825632107731	0.04887390396540603
102.6	30.400000000000006	0.6944993478441751	0.04489888314475137
102.69999999999999	30.400000000000006	0.7851140756002251	0.053761306220056156
102.79999999999998	30.400000000000006	0.9852914360772406	0.07923550733501895
102.89999999999998	30.400000000000006	1.1896738048993654	0.08869444923312446
102.99999999999997	30.400000000000006	0.7081174798094877	0.05517654674321085
103.09999999999997	30.400000000000006	0.6317425131386656	0.048694940207592956
103.19999999999996	30.400000000000006	0.5662885942902262	0.036282245561858606
103.29999999999995	30.400000000000006	0.5712615880559508	0.034116112138839964
103.39999999999995	30.400000000000006	0.6500573068926891	0.04200569961170609
103.49999999999994	30.400000000000006	0.6500573068926891	0.04254677509916407
103.59999999999994	30.400000000000006	0.7603081354565492	0.05379229614458442
103.69999999999993	30.400000000000006	0.7515149187097268	0.054093423072854356
103.79999999999993	30.400000000000006	0.7035190185289513	0.05077357671024546
103.89999999999992	30.400000000000006	0.7238905416622635	0.05313011959971735
104.09999999999991	30.400000000000006	0.6835455255500356	0.04812052292544712
104.1999999999999	30.400000000000006	0.672932551311608	0.044663839864481844
104.2999999999999	30.400000000000006	0.6701579646032909	0.043402388639794225
104.39999999999989	30.400000000000006	0.6785513655731458	0.039279060803192004
104.49999999999989	30.400000000000006	0.6944993478441751	0.036941798289271216
104.59999999999988	30.400000000000006	0.6849859875315434	0.033623778380079454
104.69999999999987	30.400000000000006	0.6286887721017379	0.02794043662452106
104.79999999999987	30.400000000000006	0.6500573068926891	0.028662440272054605
104.89999999999986	30.400000000000006	0.6481134841656927	0.025266125030215893
104.99999999999986	30.400000000000006	0.6305174574708902	0.021734839062029426
105.09999999999985	30.400000000000006	0.6354464613129185	0.022492322449703797
102.5	30.500000000000007	0.7558858905669062	0.051168536568787046
102.6	30.500000000000007	0.7860640217560652	0.052141166872322765
102.69999999999999	30.500000000000007	0.6857085023123763	0.04634555049563237
102.79999999999998	30.500000000000007	0.7480544598733684	0.04972522671500051
102.89999999999998	30.500000000000007	0.8249994180841016	0.05072867822275505
102.99999999999997	30.500000000000007	0.762986471040423	0.050582602926285115
103.09999999999997	30.500000000000007	0.5043880908724085	0.03215421928703551
103.19999999999996	30.500000000000007	0.5307178257618878	0.0356148226944803
103.29999999999995	30.500000000000007	0.5997026936816793	0.04053059413801488
103.39999999999995	30.500000000000007	0.6989800240566817	0.048696648715434485
103.49999999999994	30.500000000000007	0.7567662088950916	0.05470488456367067
103.59999999999994	30.500000000000007	0.811598120297127	0.05825596712093696
103.69999999999993	30.500000000000007	0.7757397172104007	0.055402574301739366
103.79999999999993	30.500000000000007	0.7489165760716101	0.05466453632007802
103.89999999999992	30.500000000000007	0.696732466790675	0.05025740703778667
104.09999999999991	30.500000000000007	0.6722367486913019	0.04775674651574088
104.1999999999999	30.500000000000007	0.6764333265386755	0.04727167619098787
104.2999999999999	30.500000000000007	0.7058107428570727	0.047542428638908854
104.39999999999989	30.500000000000007	0.6893441086612667	0.0411867526178528
104.49999999999989	30.500000000000007	0.682111121593728	0.03836305250722676
104.59999999999988	30.500000000000007	0.682111121593728	0.03374833039419443
104.69999999999987	30.500000000000007	0.6335890643738318	0.027642706476393688
104.79999999999987	30.500000000000007	0.617935975455068	0.024849326490891187
104.89999999999986	30.500000000000007	0.6366907986937729	0.02406279304443546
104.99999999999986	30.500000000000007	0.6335890643738318	0.022453664451849667
105.09999999999985	30.500000000000007	0.6455397651472286	0.023559428421531418
102.5	30.60000000000001	0.7702220710758712	0.053773062073569376
102.6	30.60000000000001	0.762091592941333	0.05186050256014115
102.69999999999999	30.60000000000001	0.7073468903065725	0.04424188950868865
102.79999999999998	30.60000000000001	0.6878852400540891	0.03502412250143442
102.89999999999998	30.60000000000001	0.6857085023123763	0.036118957823379164
102.99999999999997	30.60000000000001	0.362121726544447	0.016521437463219442
103.09999999999997	30.60000000000001	0.41471798826701944	0.024669812133952883
103.19999999999996	30.60000000000001	0.492552761176921	0.032465863763443605
103.29999999999995	30.60000000000001	0.716706375021948	0.047985083247159714
103.39999999999995	30.60000000000001	0.8432088570003586	0.058104819381945554
103.49999999999994	30.60000000000001	0.8292126586334401	0.05966279117296122
103.59999999999994	30.60000000000001	0.8691684086740231	0.06433778862099922
103.69999999999993	30.60000000000001	0.7966676256761909	0.06013878407035355
103.79999999999993	30.60000000000001	0.7766670403524643	0.059650779252602266
103.89999999999992	30.60000000000001	0.6687792504917921	0.04974728505714205
103.99999999999991	30.60000000000001	0.6552984063500673	0.0483493690804626
104.09999999999991	30.60000000000001	0.6764333265386755	0.04937853239864429
104.1999999999999	30.60000000000001	0.7182904779360281	0.05235643114951494
104.2999999999999	30.60000000000001	0.6989800240566817	0.04812349214828313
104.39999999999989	30.60000000000001	0.7395414830395822	0.049115007154810424
104.49999999999989	30.60000000000001	0.7279444738622413	0.046852215947232524
104.59999999999988	30.60000000000001	0.672932551311608	0.034837001502058124
104.69999999999987	30.60000000000001	0.6448995319851626	0.030343118779849035
104.79999999999987	30.60000000000001	0.644260569830966	0.026485361739252533
104.89999999999986	30.60000000000001	0.6546386430312187	0.02570635750969272
104.99999999999986	30.60000000000001	0.65398020940039	0.02430584402720405
105.09999999999985	30.60000000000001	0.667406208719807	0.02468779105099038
105.19999999999985	30.60000000000001	0.6494080693301462	0.024904105862875798
102.5	30.70000000000001	0.8656917966983754	0.05954607856095117
102.6	30.70000000000001	0.8610994891762248	0.05886756828987001
102.69999999999999	30.70000000000001	0.7748146116973044	0.04982632666835567
102.79999999999998	30.70000000000001	0.7361904279663762	0.035261446166101884
102.89999999999998	30.70000000000001	0.5221988819208545	0.027275706124021804
102.99999999999997	30.70000000000001	0.33253059019427134	0.013897580672572156
103.09999999999997	30.70000000000001	0.40092515798964046	0.0220349283263249
103.19999999999996	30.70000000000001	0.7042812676452679	0.04632279474758928
103.29999999999995	30.70000000000001	0.8377699773677396	0.056372986345539056
103.39999999999995	30.70000000000001	0.8229088606578385	0.06263671745431923
103.49999999999994	30.70000000000001	1.0290673947360487	0.0810096606047252
103.59999999999994	30.70000000000001	0.8691684086740231	0.06898849876871258
103.69999999999993	30.70000000000001	0.7720525214589193	0.05976599673747163
103.79999999999993	30.70000000000001	0.7050451739473076	0.052727486653744646
103.89999999999992	30.70000000000001	0.672932551311608	0.04894583784560817
103.99999999999991	30.70000000000001	0.6417173557584104	0.045198196564084026
104.09999999999991	30.70000000000001	0.7035190185289513	0.05248440789891203
104.1999999999999	30.70000000000001	0.7214798331642096	0.046329242954014006
104.2999999999999	30.70000000000001	0.7035190185289513	0.0456764524734264
104.39999999999989	30.70000000000001	0.7287607278856412	0.046628129010719305
104.49999999999989	30.70000000000001	0.6930185544653429	0.0421687723419634
104.59999999999988	30.70000000000001	0.7081174798094877	0.038570882609573705
104.69999999999987	30.70000000000001	0.7395414830395822	0.03993548287679117
104.79999999999987	30.70000000000001	0.7143433076847916	0.0336966307656479
104.89999999999986	30.70000000000001	0.7050451739473076	0.031835191942838285
104.99999999999986	30.70000000000001	0.667406208719807	0.025678353762000988
105.09999999999985	30.70000000000001	0.6586173102270306	0.026793277228018494
105.19999999999985	30.70000000000001	0.6572857149129512	0.02821375116381249
102.5	30.80000000000001	0.8443051449827121	0.05649459552461022
102.6	30.80000000000001	0.7870162757601512	0.04804966015761607
102.69999999999999	30.80000000000001	0.8421154211792916	0.04968207332269921
102.79999999999998	30.80000000000001	0.8399370614769902	0.04922525959163961
102.89999999999998	30.80000000000001	0.47563291423937465	0.027845448951807295
102.99999999999997	30.80000000000001	0.3601187541491912	0.017535024884485117
103.09999999999997	30.80000000000001	0.5255733885494136	0.03757019449565045
103.19999999999996	30.80000000000001	0.5495456766207685	0.0361207380709563
103.29999999999995	30.80000000000001	0.617935975455068	0.04568902361492934
103.39999999999995	30.80000000000001	0.7803986698881563	0.06058040094644685
103.49999999999994	30.80000000000001	0.9633440724864223	0.06833886545278073
103.59999999999994	30.80000000000001	0.8833596343687197	0.06152784820558665
103.69999999999993	30.80000000000001	0.7088897538467517	0.05192393544677561
103.79999999999993	30.80000000000001	0.6937581593055376	0.05027891477392962
103.89999999999992	30.80000000000001	0.6262669903260737	0.04388261828693032
103.99999999999991	30.80000000000001	0.6842649968866098	0.0489642225158519
104.09999999999991	30.80000000000001	0.743773553596454	0.05694177987917829
104.1999999999999	30.80000000000001	0.8045613197267489	0.055795261638767864
104.2999999999999	30.80000000000001	0.734526290136295	0.046953742832493754
104.39999999999989	30.80000000000001	0.7387008555839132	0.04820570482232599
104.49999999999989	30.80000000000001	0.7702220710758712	0.0501915449676092
104.59999999999988	30.80000000000001	0.7665871534358283	0.043408735427643605
104.69999999999987	30.80000000000001	0.7611988168855647	0.04246062735691123
104.79999999999987	30.80000000000001	0.7665871534358275	0.04181301188799187
104.89999999999986	30.80000000000001	0.7303987529034685	0.0388473138427616
104.99999999999986	30.80000000000001	0.7065779798202959	0.03236587200808965
105.09999999999985	30.80000000000001	0.7143433076847916	0.033457474063973695
105.19999999999985	30.80000000000001	0.6799707909511112	0.03236458476617686
105.29999999999984	30.80000000000001	0.6348261180186417	0.03178523865456657
105.39999999999984	30.80000000000001	0.6404532769934295	0.03255305300641724
102.5	30.900000000000013	0.8045613197267489	0.050659708902248184
102.6	30.900000000000013	0.8249994180841016	0.047576272274572
102.69999999999999	30.900000000000013	0.8520599704289165	0.0497511412846352
102.79999999999998	30.900000000000013	0.8509434001293557	0.049617910815290316
102.89999999999998	30.900000000000013	0.8146518250700266	0.054678406082298917
102.99999999999997	30.900000000000013	0.7012421604275536	0.053292184132011935
103.09999999999997	30.900000000000013	0.6481134841656927	0.04821139011673762
103.19999999999996	30.900000000000013	0.7271300505608207	0.06556996867334143
103.29999999999995	30.900000000000013	0.6274755404038687	0.046606649811558876
103.39999999999995	30.900000000000013	0.789886969502995	0.06426232386029938
103.49999999999994	30.900000000000013	0.9396277787437677	0.06923268027776547
103.59999999999994	30.900000000000013	0.7279444738622421	0.04887026134609192
103.69999999999993	30.900000000000013	0.6694678963061321	0.04773547211491261
103.79999999999993	30.900000000000013	0.6813961794205196	0.04958116042401095
103.89999999999992	30.900000000000013	0.7403840305477312	0.057345420558199495
103.99999999999991	30.900000000000013	0.7684003023272233	0.057232835555157735
104.09999999999991	30.900000000000013	0.8388521154689286	0.06326896494491997
104.1999999999999	30.900000000000013	0.9042788548013604	0.07318533357595801
104.2999999999999	30.900000000000013	0.803566039555594	0.05341902940636938
104.39999999999989	30.900000000000013	0.7794623957941847	0.05255201642132087
104.49999999999989	30.900000000000013	0.8136313659306534	0.054113825930352875
104.59999999999988	30.900000000000013	0.8366906362534948	0.05099748912887273
104.69999999999987	30.900000000000013	0.789886969502995	0.04682143737891909
104.79999999999987	30.900000000000013	0.759419541272652	0.044224621539662896
104.89999999999986	30.900000000000013	0.732869676616322	0.04215635570855315
104.99999999999986	30.900000000000013	0.7027584211999546	0.03734117263344077
105.09999999999985	30.900000000000013	0.6526673151259149	0.034882753203891885
105.19999999999985	30.900000000000013	0.6461812731203053	0.03347162542281899
105.29999999999984	30.900000000000013	0.6533231014343014	0.03356089179058762
105.39999999999984	30.900000000000013	0.6373147999619783	0.03284753551176584
105.49999999999983	30.900000000000013	0.6513596915348453	0.03505699133961991
102.5	31.000000000000014	0.7497806866412371	0.0487799765584768
102.6	31.000000000000014	0.9093463506728409	0.05728534605431711
102.69999999999999	31.000000000000014	0.9055404072741194	0.058674016136870684
102.79999999999998	31.000000000000014	0.8785778399259534	0.0602617088340072
102.89999999999998	31.000000000000014	0.9055404072741194	0.06526351384772643
102.99999999999997	31.000000000000014	0.8260486970949109	0.062089646879466165
103.09999999999997	31.000000000000014	0.8680064291781674	0.06526834638463512
103.19999999999996	31.000000000000014	0.7693101053721406	0.05971971834902938
103.29999999999995	31.000000000000014	0.9369144725915528	0.07991081065467412
103.39999999999995	31.000000000000014	0.6481134841656927	0.056390384630370625
103.49999999999994	31.000000000000014	0.7665871534358283	0.06348757359654025
103.59999999999994	31.000000000000014	0.734526290136295	0.052442096800239084
103.69999999999993	31.000000000000014	0.7822780004030218	0.062031168585873625
103.79999999999993	31.000000000000014	0.7870162757601503	0.062096202649322134
103.89999999999992	31.000000000000014	0.8668475626977189	0.06947334746380371
103.99999999999991	31.000000000000014	0.8610994891762248	0.06306079645387333
104.09999999999991	31.000000000000014	0.8833596343687197	0.06662259237843182
104.1999999999999	31.000000000000014	0.9647766406054925	0.07832461832669786
104.2999999999999	31.000000000000014	0.8943120242943031	0.06376009960339156
104.39999999999989	31.000000000000014	0.8177286643725612	0.05698519349120362
104.49999999999989	31.000000000000014	0.8015828691393656	0.055466503632611325
104.59999999999988	31.000000000000014	0.7711362071789319	0.052235531195300756
104.69999999999987	31.000000000000014	0.7720525214589193	0.04882192800150482
104.79999999999987	31.000000000000014	0.759419541272652	0.04826806941865358
104.89999999999986	31.000000000000014	0.7647825632107731	0.046263696711124375
104.99999999999986	31.000000000000014	0.69080919143299	0.03974493799825092
105.09999999999985	31.000000000000014	0.6944993478441751	0.03792951088072978
105.19999999999985	31.000000000000014	0.6871581236945988	0.03873532515931346
105.29999999999984	31.000000000000014	0.6989800240566817	0.040029836220090306
105.39999999999984	31.000000000000014	0.6849859875315434	0.03990275377755564
105.49999999999983	31.000000000000014	0.7151292595735161	0.04429478415557471
102.5	31.100000000000016	0.8126134675579724	0.058673301998884826
102.6	31.100000000000016	0.8366906362534942	0.060390755418744904
102.69999999999999	31.100000000000016	0.8454042963355273	0.062094637199543556
102.79999999999998	31.100000000000016	0.8543019532462637	0.06591020459869819
102.89999999999998	31.100000000000016	0.9437274494269611	0.07185375864663657
102.99999999999997	31.100000000000016	1.0715932601398162	0.0904026352397055
103.09999999999997	31.100000000000016	1.249387366082999	0.11276711907024875
103.19999999999996	31.100000000000016	1.2995953798335074	0.13709046379003903
103.29999999999995	31.100000000000016	0.893081651622896	0.06788078285477475
103.39999999999995	31.100000000000016	0.9042788548013604	0.07270694177107599
103.49999999999994	31.100000000000016	0.8399370614769902	0.07022065426717428
103.59999999999994	31.100000000000016	0.9235805204058829	0.08530281500019565
103.69999999999993	31.100000000000016	1.042301937151257	0.08149789251382465
103.79999999999993	31.100000000000016	0.9882938661143698	0.07859960669178756
103.89999999999992	31.100000000000016	0.9478631937820086	0.08269772673132547
103.99999999999991	31.100000000000016	1.0004896459053843	0.08348117410973316
104.09999999999991	31.100000000000016	0.9576562635931856	0.07174145350707029
104.1999999999999	31.100000000000016	0.927540532368987	0.07179938829907159
104.2999999999999	31.100000000000016	0.9288681222729555	0.06606264800436547
104.39999999999989	31.100000000000016	0.8918546716063068	0.06630820857725764
104.49999999999989	31.100000000000016	0.8498297617080014	0.06252044005806663
104.59999999999988	31.100000000000016	0.7870162757601512	0.055992319675357734
104.69999999999987	31.100000000000016	0.7541313992958039	0.051685945687977214
104.79999999999987	31.100000000000016	0.7702220710758712	0.049403578992894645
104.89999999999986	31.100000000000016	0.7576485852871371	0.04284004218851148
104.99999999999986	31.100000000000016	0.7104393777165825	0.036636533927589
105.09999999999985	31.100000000000016	0.7058107428570727	0.039013213677735484
105.19999999999985	31.100000000000016	0.7206798359583748	0.04126723016019939
105.29999999999984	31.100000000000016	0.709663717960331	0.04184955064384841
105.39999999999984	31.100000000000016	0.7143433076847916	0.042179527088583184
105.49999999999983	31.100000000000016	0.7255066714861175	0.04345756080538887
105.59999999999982	31.100000000000016	0.7576485852871371	0.04884226667035414
102.5	31.200000000000017	0.7702220710758712	0.060328962471196124
102.6	31.200000000000017	0.7674926542374587	0.060012109520480965
102.69999999999999	31.200000000000017	0.737025334573893	0.059397115646312164
102.79999999999998	31.200000000000017	0.7395414830395822	0.06049572844591472
102.89999999999998	31.200000000000017	0.7889277411280523	0.06143424975113733
102.99999999999997	31.200000000000017	0.811598120297127	0.06079765774767937
103.09999999999997	31.200000000000017	0.7702220710758712	0.058488018953945294
103.19999999999996	31.200000000000017	0.7558858905669062	0.059404896785136836
103.29999999999995	31.200000000000017	0.8055590754955188	0.06740855907000669
103.39999999999995	31.200000000000017	0.7489165760716109	0.066209588163704
103.49999999999994	31.200000000000017	0.8281553070271886	0.06779776500169382
103.59999999999994	31.200000000000017	0.8015828691393656	0.06672009381048755
103.69999999999993	31.200000000000017	0.7312205363707062	0.06048899739627177
103.79999999999993	31.200000000000017	1.123621813300362	0.10667673463127801
103.89999999999992	31.200000000000017	1.242191101273194	0.11235352087698315
103.99999999999991	31.200000000000017	1.1724389623732019	0.1014986202276095
104.09999999999991	31.200000000000017	0.9409903567422798	0.07555605925468589
104.1999999999999	31.200000000000017	0.9492498743452227	0.07131764702767775
104.2999999999999	31.200000000000017	0.8881939472551578	0.06523100928229429
104.39999999999989	31.200000000000017	0.8750254448622512	0.0702979697421535
104.49999999999989	31.200000000000017	0.8260486970949102	0.06620489631436587
104.59999999999988	31.200000000000017	0.8773904968289025	0.06731554821144602
104.69999999999987	31.200000000000017	0.811598120297127	0.05715007923137766
104.79999999999987	31.200000000000017	0.7446258010031085	0.04754797924999945
104.89999999999986	31.200000000000017	0.7937473880284297	0.0449943601213993
104.99999999999986	31.200000000000017	0.8410248263689479	0.04126349642228794
105.09999999999985	31.200000000000017	0.7937473880284297	0.039915199136861965
105.19999999999985	31.200000000000017	0.7585330269869732	0.04387624597694897
105.29999999999984	31.200000000000017	0.754131399295803	0.044576249593502294
105.39999999999984	31.200000000000017	0.7471943311330127	0.0460744493546732
105.49999999999983	31.200000000000017	0.755007623092572	0.04793854694273383
105.59999999999982	31.200000000000017	0.778528371581415	0.05110306679934809
102.5	31.30000000000002	0.7387008555839125	0.05654074000246367
102.6	31.30000000000002	0.7336970460381596	0.05491437352809449
102.69999999999999	31.30000000000002	0.6915440755775994	0.05247075066944789
102.79999999999998	31.30000000000002	0.6167639203126163	0.04347857235531913
102.89999999999998	31.30000000000002	0.6639981917808185	0.04736720179202454
102.99999999999997	31.30000000000002	0.7027584211999546	0.0473804231423749
103.09999999999997	31.30000000000002	0.884563255211837	0.06024086421285932
103.19999999999996	31.30000000000002	0.7647825632107731	0.0488240647178806
103.29999999999995	31.30000000000002	0.8520599704289165	0.08298457892849369
103.39999999999995	31.30000000000002	0.8992677255224331	0.09071009147108035
103.49999999999994	31.30000000000002	0.8015828691393656	0.061590852593628516
103.59999999999994	31.30000000000002	0.7711362071789319	0.05913481685378211
103.69999999999993	31.30000000000002	0.8881939472551578	0.07730777360984604
103.79999999999993	31.30000000000002	0.8833596343687197	0.0854655998428864
103.89999999999992	31.30000000000002	0.9734627068602968	0.09554059341284718
103.99999999999991	31.30000000000002	1.1334519621914652	0.10004302315982838
104.09999999999991	31.30000000000002	0.9131845397885909	0.07480122609918288
104.1999999999999	31.30000000000002	0.8095750407342783	0.06078486599264868
104.2999999999999	31.30000000000002	0.8313355072388848	0.06584925599220497
104.39999999999989	31.30000000000002	0.8421154211792916	0.07023564460826906
104.49999999999989	31.30000000000002	0.8465063223269745	0.0691204035062986
104.59999999999988	31.30000000000002	0.8065593161363053	0.06505401350634984
104.69999999999987	31.30000000000002	0.7832210732648708	0.05463974402387134
104.79999999999987	31.30000000000002	0.7851140756002251	0.046806455015834844
104.89999999999986	31.30000000000002	0.8509434001293557	0.046055739811575916
104.99999999999986	31.30000000000002	0.8869803980147536	0.04219132427448507
105.09999999999985	31.30000000000002	0.9451019991573923	0.046226963156744356
105.19999999999985	31.30000000000002	1.0439803440060633	0.05315377112545417
105.29999999999984	31.30000000000002	0.8065593161363053	0.05061128162291427
105.39999999999984	31.30000000000002	0.7550076230925727	0.05394575174333736
105.49999999999983	31.30000000000002	0.7446258010031085	0.05380800376029066
105.59999999999982	31.30000000000002	0.7611988168855647	0.05594419678879865
102.5	31.40000000000002	0.7104393777165825	0.05043421358987322
102.6	31.40000000000002	0.6813961794205196	0.04844386800763624
102.69999999999999	31.40000000000002	0.6937581593055376	0.048328418633060546
102.79999999999998	31.40000000000002	0.6280815693487928	0.04193101094028604
102.89999999999998	31.40000000000002	0.5614015554282608	0.03517212116722468
102.99999999999997	31.40000000000002	0.6552984063500673	0.044337845091310765
103.09999999999997	31.40000000000002	0.9382691564491745	0.06314498834669924
103.19999999999996	31.40000000000002	1.1063529082260646	0.0823280796373135
103.29999999999995	31.40000000000002	0.81567485467987	0.0601210560063839
103.39999999999995	31.40000000000002	0.9852914360772406	0.08074478777575134
103.49999999999994	31.40000000000002	0.6871581236945988	0.04397874974538414
103.59999999999994	31.40000000000002	0.857687209337095	0.06538710642243802
103.69999999999993	31.40000000000002	0.8906310701826243	0.07941942439662147
103.79999999999993	31.40000000000002	0.6871581236945988	0.05370335363337007
103.89999999999992	31.40000000000002	0.8177286643725612	0.06691576111615814
103.99999999999991	31.40000000000002	0.8785778399259534	0.08011716970113758
104.09999999999991	31.40000000000002	0.9209593145327688	0.07457424913224621
104.1999999999999	31.40000000000002	0.8465063223269752	0.06529626151638039
104.2999999999999	31.40000000000002	0.7515149187097268	0.05364393525388515
104.39999999999989	31.40000000000002	0.8894108333678108	0.07072886768902843
104.49999999999989	31.40000000000002	0.7908485397489461	0.06403615280494786
104.59999999999988	31.40000000000002	0.8377699773677387	0.07369469227510896
104.69999999999987	31.40000000000002	0.7558858905669062	0.05868351661010939
104.79999999999987	31.40000000000002	0.762986471040423	0.05298886410859418
104.89999999999986	31.40000000000002	0.9106221439338172	0.04630866549954843
104.99999999999986	31.40000000000002	0.8136313659306534	0.03994426298661457
105.09999999999985	31.40000000000002	0.716706375021948	0.04083975025746262
105.19999999999985	31.40000000000002	0.7019994702833506	0.04699462923746169
105.29999999999984	31.40000000000002	0.7320441755058618	0.05159139669861173
105.39999999999984	31.40000000000002	0.7480544598733684	0.05367636457665118
105.49999999999983	31.40000000000002	0.7471943311330127	0.05383086071439333
105.59999999999982	31.40000000000002	0.7497806866412371	0.05425186489355101
102.5	31.50000000000002	0.6722367486913028	0.04621010584793344
102.6	31.50000000000002	0.6893441086612667	0.04614293821597248
102.69999999999999	31.50000000000002	0.7656837922917313	0.05197227098121186
102.79999999999998	31.50000000000002	0.7042812676452679	0.04801787401187573
102.89999999999998	31.50000000000002	0.695242125184239	0.04735083803968521
102.99999999999997	31.50000000000002	0.8055590754955188	0.05302580334471942
103.09999999999997	31.50000000000002	0.9647766406054925	0.07197998287477668
103.19999999999996	31.50000000000002	0.8015828691393656	0.06496490739238261
103.29999999999995	31.50000000000002	0.8334692864817579	0.06565750377690525
103.39999999999995	31.50000000000002	0.8918546716063068	0.060011173796454105
103.49999999999994	31.50000000000002	0.7073468903065725	0.05102414945966778
103.59999999999994	31.50000000000002	0.7506467985279264	0.0542636255374501
103.69999999999993	31.50000000000002	0.791812460476248	0.058643116851854166
103.79999999999993	31.50000000000002	0.791812460476248	0.06763715948559446
103.89999999999992	31.50000000000002	0.743773553596454	0.05483751492123613
103.99999999999991	31.50000000000002	0.7860640217560652	0.05673313860675902
104.09999999999991	31.50000000000002	1.005141372768816	0.07550039294090528
104.1999999999999	31.50000000000002	0.8531794842371375	0.06404998877420372
104.2999999999999	31.50000000000002	0.8410248263689479	0.06095525071834515
104.39999999999989	31.50000000000002	0.8980236400360702	0.07713231538789626
104.49999999999989	31.50000000000002	0.9534344652801854	0.08952087775122518
104.59999999999988	31.50000000000002	0.9170553876839299	0.08116407697342731
104.69999999999987	31.50000000000002	0.9068054974258496	0.07352131916890797
104.79999999999987	31.50000000000002	0.8075620509700255	0.05396335749288145
104.89999999999986	31.50000000000002	0.7870162757601503	0.04226550524343885
104.99999999999986	31.50000000000002	0.7684003023272225	0.03891135770016365
105.09999999999985	31.50000000000002	0.7463361829690418	0.038628558299904754
105.19999999999985	31.50000000000002	0.6922805282424802	0.03806400495457491
105.29999999999984	31.50000000000002	0.7361904279663762	0.05133806012439696
105.39999999999984	31.50000000000002	0.7515149187097268	0.054912521515581285
105.49999999999983	31.50000000000002	0.762091592941333	0.05646962115956543
105.59999999999982	31.50000000000002	0.7647825632107731	0.056065884828745007
102.5	31.600000000000023	0.7065779798202959	0.04883675134110921
102.6	31.600000000000023	0.7336970460381589	0.04782180763984257
102.69999999999999	31.600000000000023	0.7711362071789319	0.05052123004147818
102.79999999999998	31.600000000000023	0.7198816149622569	0.04613691938132751
102.89999999999998	31.600000000000023	0.7711362071789319	0.05068699488113562
102.99999999999997	31.600000000000023	0.9328738804775871	0.06337376095671658
103.09999999999997	31.600000000000023	0.9852914360772406	0.06855555771049726
103.19999999999996	31.600000000000023	1.055883023134714	0.07549283637346
103.29999999999995	31.600000000000023	0.9209593145327688	0.0659520855416068
103.39999999999995	31.600000000000023	0.8239528093419153	0.06121384191486974
103.49999999999994	31.600000000000023	0.6687792504917921	0.04746263182176923
103.59999999999994	31.600000000000023	0.6660388042850816	0.04404055603284112
103.69999999999993	31.600000000000023	0.8239528093419153	0.05470572182555367
103.79999999999993	31.600000000000023	0.6507078463185779	0.05173328499290526
103.89999999999992	31.600000000000023	0.660624869889978	0.0547565159424267
103.99999999999991	31.600000000000023	0.6687792504917921	0.047332473348391274
104.09999999999991	31.600000000000023	0.7684003023272225	0.058448156202522514
104.1999999999999	31.600000000000023	0.931534779701978	0.07403083706121243
104.2999999999999	31.600000000000023	1.1216763225725108	0.09409464272474251
104.39999999999989	31.600000000000023	1.0951337535670256	0.08965001166000744
104.49999999999989	31.600000000000023	1.0241910779283208	0.09364124405337702
104.59999999999988	31.600000000000023	1.1434566311087577	0.10683849149824196
104.69999999999987	31.600000000000023	0.9763930701974327	0.08522481449742315
104.79999999999987	31.600000000000023	0.8432088570003593	0.059933525353552175
104.89999999999986	31.600000000000023	0.8334692864817572	0.05689576738026234
104.99999999999986	31.600000000000023	0.8146518250700266	0.04727966965454395
105.09999999999985	31.600000000000023	0.789886969502995	0.04336035873678744
105.19999999999985	31.600000000000023	0.7674926542374587	0.04068971787972128
105.29999999999984	31.600000000000023	0.7647825632107731	0.04785030365134925
105.39999999999984	31.600000000000023	0.7822780004030226	0.05665694753749565
105.49999999999983	31.600000000000023	0.7471943311330127	0.054864857702550895
105.59999999999982	31.600000000000023	0.7271300505608207	0.05240570241354047
102.5	31.700000000000024	0.8177286643725612	0.05472537567141415
102.6	31.700000000000024	0.7647825632107731	0.05182353979322467
102.69999999999999	31.700000000000024	0.8260486970949102	0.05402300532713781
102.79999999999998	31.700000000000024	0.811598120297127	0.05474002058953445
102.89999999999998	31.700000000000024	0.781337202024254	0.052505578794461195
102.99999999999997	31.700000000000024	0.7361904279663762	0.052836369178505184
103.09999999999997	31.700000000000024	0.9005152751604566	0.0681319386272226
103.19999999999996	31.700000000000024	1.0225759398164207	0.09051726456234988
103.29999999999995	31.700000000000024	0.9867903574690305	0.06984904934101516
103.39999999999995	31.700000000000024	0.8075620509700255	0.062034855376438096
103.49999999999994	31.700000000000024	0.7336970460381596	0.05525132572831277
103.59999999999994	31.700000000000024	0.7303987529034685	0.05013703571263633
103.69999999999993	31.700000000000024	0.7558858905669062	0.05218755406216699
103.79999999999993	31.700000000000024	0.8187594641103887	0.060611642009496376
103.89999999999992	31.700000000000024	0.763883458634547	0.05140883758153957
103.99999999999991	31.700000000000024	0.6736297987032562	0.04875227062396807
104.09999999999991	31.700000000000024	0.8543019532462628	0.06567974863226575
104.1999999999999	31.700000000000024	0.8691684086740231	0.06565010102324709
104.2999999999999	31.700000000000024	0.927540532368987	0.0862627292952209
104.39999999999989	31.700000000000024	1.1896738048993654	0.09654418958515985
104.49999999999989	31.700000000000024	1.0823304310544724	0.09748515952864441
104.59999999999988	31.700000000000024	1.0473535052001297	0.1056637258782645
104.69999999999987	31.700000000000024	0.9676546500142886	0.08082602263562123
104.79999999999987	31.700000000000024	0.9209593145327688	0.06519738077221619
104.89999999999986	31.700000000000024	0.7794623957941847	0.0561605663791283
104.99999999999986	31.700000000000024	0.9355637100046862	0.0565587409995296
105.09999999999985	31.700000000000024	0.8399370614769902	0.046027216890379204
105.19999999999985	31.700000000000024	0.789886969502995	0.041466134528946354
105.29999999999984	31.700000000000024	0.8187594641103887	0.04536114377128479
105.39999999999984	31.700000000000024	0.7803986698881563	0.049768236387128205
105.49999999999983	31.700000000000024	0.8085672893644061	0.05237195456328349
105.59999999999982	31.700000000000024	0.7947184122869332	0.053056986620125944
102.5	31.800000000000026	0.8015828691393656	0.0566890206814727
102.6	31.800000000000026	0.781337202024254	0.053638374287276136
102.69999999999999	31.800000000000026	0.803566039555594	0.051052108027240244
102.79999999999998	31.800000000000026	0.8167004645131952	0.05555883006442905
102.89999999999998	31.800000000000026	0.7190851642534799	0.050690040113847125
102.99999999999997	31.800000000000026	0.7446258010031085	0.052905894549550386
103.09999999999997	31.800000000000026	0.9157614505102009	0.07492472198217923
103.19999999999996	31.800000000000026	0.9131845397885909	0.0721519881696066
103.29999999999995	31.800000000000026	0.8531794842371375	0.07102892406753568
103.39999999999995	31.800000000000026	0.7611988168855647	0.05967760786174603
103.49999999999994	31.800000000000026	0.6785513655731458	0.04973144198740292
103.59999999999994	31.800000000000026	0.7775965891283065	0.05584255303653402
103.69999999999993	31.800000000000026	0.8432088570003586	0.05933021983783716
103.79999999999993	31.800000000000026	0.8656917966983754	0.060434433120662566
103.89999999999992	31.800000000000026	0.7684003023272233	0.04740056055231519
103.99999999999991	31.800000000000026	0.7027584211999546	0.04882385059274985
104.09999999999991	31.800000000000026	0.682827568714686	0.05269573590051423
104.1999999999999	31.800000000000026	0.8085672893644061	0.05769651115645679
104.2999999999999	31.800000000000026	1.1063529082260646	0.08828580181272169
104.39999999999989	31.800000000000026	1.0406289441368242	0.09034224687452112
104.49999999999989	31.800000000000026	1.1007145906602722	0.0922396681101546
104.59999999999988	31.800000000000026	1.0969877005156308	0.09644059074409037
104.69999999999987	31.800000000000026	1.0082667379917332	0.0797696643272371
104.79999999999987	31.800000000000026	0.8187594641103887	0.06399944148107369
104.89999999999986	31.800000000000026	0.743773553596454	0.04962537576568008
104.99999999999986	31.800000000000026	0.8821592958356005	0.05269657487662046
105.09999999999985	31.800000000000026	0.884563255211837	0.05441400171144929
105.19999999999985	31.800000000000026	0.7775965891283065	0.04729915530287914
105.29999999999984	31.800000000000026	0.8443051449827121	0.05376127941059866
105.39999999999984	31.800000000000026	0.8543019532462637	0.05563944199012009
105.49999999999983	31.800000000000026	0.8377699773677396	0.057562723834448604
105.59999999999982	31.800000000000026	0.8239528093419153	0.05390034504194295
102.5	31.900000000000027	0.7822780004030226	0.05700086300506492
102.6	31.900000000000027	0.7803986698881563	0.05595983180873049
102.69999999999999	31.900000000000027	0.7711362071789319	0.05656834645550125
102.79999999999998	31.900000000000027	0.7889277411280523	0.058961171841928305
102.89999999999998	31.900000000000027	0.8565558039476516	0.06312356643254922
102.99999999999997	31.900000000000027	0.7937473880284297	0.05747376990760051
103.09999999999997	31.900000000000027	0.734526290136295	0.05168610039486699
103.19999999999996	31.900000000000027	0.7757397172104007	0.06060113587832049
103.29999999999995	31.900000000000027	0.6842649968866098	0.05270841476778864
103.39999999999995	31.900000000000027	0.5991502531655254	0.04171888975001844
103.49999999999994	31.900000000000027	0.6653572052098036	0.0433375579913242
103.59999999999994	31.900000000000027	0.7832210732648708	0.05378349067017921
103.69999999999993	31.900000000000027	0.831335507238884	0.05842773635542195
103.79999999999993	31.900000000000027	0.8622429772525501	0.06038686407668793
103.89999999999992	31.900000000000027	0.7976458325003898	0.05656320125229191
103.99999999999991	31.900000000000027	0.6687792504917921	0.047930255903720145
104.09999999999991	31.900000000000027	0.7246977034630956	0.05165202171154463
104.1999999999999	31.900000000000027	0.8005949605754659	0.06419389720002658
104.2999999999999	31.900000000000027	0.8785778399259534	0.06650560358647453
104.39999999999989	31.900000000000027	0.754131399295803	0.057690645814480995
104.49999999999989	31.900000000000027	0.8498297617080014	0.06695462139859333
104.59999999999988	31.900000000000027	0.9248967477746295	0.08290212970701728
104.69999999999987	31.900000000000027	1.0020354089250811	0.07956122056455496
104.79999999999987	31.900000000000027	0.8302727218785642	0.061657553375509974
104.89999999999986	31.900000000000027	0.7976458325003898	0.05560436381583208
104.99999999999986	31.900000000000027	0.8668475626977189	0.06046380208813117
105.09999999999985	31.900000000000027	0.8356140812629875	0.04947836543419488
105.19999999999985	31.900000000000027	0.8292126586334401	0.04880598450498396
105.29999999999984	31.900000000000027	0.8421154211792924	0.05100906169650907
105.39999999999984	31.900000000000027	0.8554273892107443	0.05899753010680233
105.49999999999983	31.900000000000027	0.8633895163424503	0.06173444265516222
105.59999999999982	31.900000000000027	0.8726731516179597	0.0637668768221838
105.69999999999982	31.900000000000027	0.8750254448622512	0.0639802426424487
102.5	32.00000000000003	0.7515149187097268	0.05297683622484056
102.6	32.00000000000003	0.789886969502995	0.056492658828165565
102.69999999999999	32.00000000000003	0.7684003023272225	0.05575431877824764
102.79999999999998	32.00000000000003	0.7585330269869732	0.05234784454690374
102.89999999999998	32.00000000000003	0.8809622261586653	0.057613327515464385
102.99999999999997	32.00000000000003	0.8943120242943039	0.0643287430856039
103.09999999999997	32.00000000000003	0.8075620509700255	0.061904608346328265
103.19999999999996	32.00000000000003	0.7230851800272126	0.05571953945168781
103.29999999999995	32.00000000000003	0.5783725615435825	0.041349181266232236
103.39999999999995	32.00000000000003	0.5904478260095315	0.03871807987216569
103.49999999999994	32.00000000000003	0.6323568310187921	0.03944248241266104
103.59999999999994	32.00000000000003	0.8136313659306534	0.048501237087947895
103.69999999999993	32.00000000000003	0.8703335137874624	0.0584907524160307
103.79999999999993	32.00000000000003	0.9030208251362212	0.06055964391269624
103.89999999999992	32.00000000000003	0.6989800240566817	0.05193772347830835
103.99999999999991	32.00000000000003	0.6507078463185779	0.04976384792608103
104.09999999999991	32.00000000000003	0.7135590853566826	0.05987852346904106
104.1999999999999	32.00000000000003	0.9492498743452221	0.0778511857388946
104.2999999999999	32.00000000000003	0.9005152751604566	0.06460625334327948
104.39999999999989	32.00000000000003	0.8645391187132581	0.062876994670652
104.49999999999989	32.00000000000003	0.6262669903260737	0.04567545148966739
104.59999999999988	32.00000000000003	0.6886139000659044	0.05165429234355288
104.69999999999987	32.00000000000003	0.8785778399259534	0.08603783673532729
104.79999999999987	32.00000000000003	0.8281553070271886	0.06926317718932615
104.89999999999986	32.00000000000003	0.763883458634547	0.0562121969977251
104.99999999999986	32.00000000000003	0.8869803980147536	0.059785870944179795
105.09999999999985	32.00000000000003	0.8498297617080014	0.050401695247291885
105.19999999999985	32.00000000000003	0.8126134675579724	0.048179488902314396
105.29999999999984	32.00000000000003	0.8906310701826243	0.06214946624522169
105.39999999999984	32.00000000000003	0.8432088570003586	0.06230759005404799
105.49999999999983	32.00000000000003	0.8399370614769902	0.06313776631092004
105.59999999999982	32.00000000000003	0.9017663034908802	0.06811065706636175
105.69999999999982	32.00000000000003	0.8388521154689286	0.06553065232451684
102.5	32.10000000000003	0.7702220710758712	0.05685216133646274
102.6	32.10000000000003	0.7889277411280514	0.057557298303041814
102.69999999999999	32.10000000000003	0.7757397172104007	0.05753241670759102
102.79999999999998	32.10000000000003	0.8881939472551578	0.0706629490111276
102.89999999999998	32.10000000000003	0.952035491940393	0.06942226416666354
102.99999999999997	32.10000000000003	0.9196543039099395	0.07038335534474742
103.09999999999997	32.10000000000003	0.8520599704289171	0.07138576310304005
103.19999999999996	32.10000000000003	0.6792603352216343	0.05495727647627898
103.29999999999995	32.10000000000003	0.6150141643378879	0.04337963831685104
103.39999999999995	32.10000000000003	0.5768338960633906	0.03830183719904129
103.49999999999994	32.10000000000003	0.8065593161363053	0.04946771623856307
103.59999999999994	32.10000000000003	0.8750254448622512	0.049409593866876066
103.69999999999993	32.10000000000003	0.9017663034908802	0.05560898439457312
103.79999999999993	32.10000000000003	0.8857701718929506	0.05806143025365871
103.89999999999992	32.10000000000003	0.734526290136295	0.05094599646251774
103.99999999999991	32.10000000000003	0.6667218040116448	0.05080192139211592
104.09999999999991	32.10000000000003	0.7127765868736311	0.05216277686286704
104.1999999999999	32.10000000000003	0.922268048027057	0.06615860181150265
104.2999999999999	32.10000000000003	0.8645391187132581	0.06344351089329141
104.39999999999989	32.10000000000003	0.6047209601071213	0.03984198708616321
104.49999999999989	32.10000000000003	0.6292971520822572	0.04164779189434857
104.59999999999988	32.10000000000003	0.6842649968866098	0.0497439801214024
104.69999999999987	32.10000000000003	0.7966676256761909	0.07267239065574171
104.79999999999987	32.10000000000003	0.7889277411280523	0.06449911402205412
104.89999999999986	32.10000000000003	0.7104393777165825	0.05347019072772929
104.99999999999986	32.10000000000003	0.8992677255224331	0.06828848858875182
105.09999999999985	32.10000000000003	0.8980236400360702	0.0531095994728316
105.19999999999985	32.10000000000003	0.8645391187132581	0.05741254724966571
105.29999999999984	32.10000000000003	0.931534779701978	0.06615619579170842
105.39999999999984	32.10000000000003	0.9576562635931856	0.07330956355300403
105.49999999999983	32.10000000000003	0.9492498743452221	0.07044811685854084
105.59999999999982	32.10000000000003	0.9183530002371413	0.07464082443326944
105.69999999999982	32.10000000000003	0.9396277787437677	0.07588433072922005
105.79999999999981	32.10000000000003	0.9676546500142886	0.07711240925239214
102.5	32.20000000000003	0.7711362071789319	0.0576843240061769
102.6	32.20000000000003	0.7927787403376227	0.059585808451606485
102.69999999999999	32.20000000000003	0.7576485852871371	0.056610602607618535
102.79999999999998	32.20000000000003	0.8334692864817579	0.0656226240357895
102.89999999999998	32.20000000000003	1.038961338687224	0.07704461431552882
102.99999999999997	32.20000000000003	0.9778649056468518	0.07652392272016086
103.09999999999997	32.20000000000003	0.9170553876839299	0.07300184376705286
103.19999999999996	32.20000000000003	0.8187594641103887	0.0676278099446362
103.29999999999995	32.20000000000003	0.5814746872756831	0.040206468395613044
103.39999999999995	32.20000000000003	0.6366907986937729	0.042737028163867694
103.49999999999994	32.20000000000003	0.7611988168855647	0.050180641734959924
103.59999999999994	32.20000000000003	0.8881939472551578	0.05226381397717025
103.69999999999993	32.20000000000003	1.0004896459053843	0.06235937233821661
103.79999999999993	32.20000000000003	0.9409903567422798	0.06275406857009629
103.89999999999992	32.20000000000003	0.7841664288903156	0.05082267124571629
103.99999999999991	32.20000000000003	0.7222816125286428	0.04695808807577468
104.09999999999991	32.20000000000003	0.737025334573893	0.04835346050199671
104.1999999999999	32.20000000000003	0.7986264512797115	0.05178250458110857
104.2999999999999	32.20000000000003	0.7112167387063888	0.04909637174873684
104.39999999999989	32.20000000000003	0.6660388042850816	0.042233301895316364
104.49999999999989	32.20000000000003	0.6900758707924703	0.04105613537919723
104.59999999999988	32.20000000000003	0.7665871534358283	0.05799851518113153
104.69999999999987	32.20000000000003	0.7127765868736311	0.053128126832827985
104.79999999999987	32.20000000000003	0.7576485852871371	0.06039194690562912
104.89999999999986	32.20000000000003	0.5964032715541371	0.04199714601567306
104.99999999999986	32.20000000000003	0.6799707909511112	0.04725594366599452
105.09999999999985	32.20000000000003	0.9030208251362218	0.07399448411782404
105.19999999999985	32.20000000000003	0.8610994891762248	0.07365054415041498
105.29999999999984	32.20000000000003	0.8773904968289025	0.07483178462200778
105.39999999999984	32.20000000000003	0.979341203963127	0.07953249678905645
105.49999999999983	32.20000000000003	0.9734627068602968	0.06884536610932035
105.59999999999982	32.20000000000003	0.9852914360772406	0.07812734068081435
105.69999999999982	32.20000000000003	0.9619157697671937	0.07866387996261301
105.79999999999981	32.20000000000003	0.9974124456752973	0.0853471294087231
105.8999999999998	32.20000000000003	1.0439803440060633	0.09112239138979107
102.5	32.30000000000003	0.7198816149622569	0.05284372357772575
102.6	32.30000000000003	0.7287607278856403	0.05403299350363358
102.69999999999999	32.30000000000003	0.759419541272652	0.056338655861228125
102.79999999999998	32.30000000000003	0.8388521154689286	0.06212615327180349
102.89999999999998	32.30000000000003	0.9852914360772406	0.08060622678453963
102.99999999999997	32.30000000000003	1.0177610853128147	0.08127402957521271
103.09999999999997	32.30000000000003	0.9576562635931856	0.07818264740219515
103.19999999999996	32.30000000000003	0.8894108333678108	0.06956496244967457
103.29999999999995	32.30000000000003	0.6317425131386656	0.04295621320575036
103.39999999999995	32.30000000000003	0.6520128464843603	0.04286369856682512
103.49999999999994	32.30000000000003	0.6366907986937729	0.04135560589672932
103.59999999999994	32.30000000000003	0.6835455255500356	0.043293839803187815
103.69999999999993	32.30000000000003	0.8906310701826243	0.06258026825380458
103.79999999999993	32.30000000000003	0.8668475626977189	0.06351058778625358
103.89999999999992	32.30000000000003	0.6268706818606657	0.03110382173864314
103.99999999999991	32.30000000000003	0.5648135595244821	0.021087833625477396
104.09999999999991	32.30000000000003	0.672932551311608	0.03713502867750695
104.1999999999999	32.30000000000003	0.7112167387063888	0.045689711833910907
104.2999999999999	32.30000000000003	0.7908485397489461	0.05434773180684278
104.39999999999989	32.30000000000003	0.6404532769934295	0.04742445907869954
104.49999999999989	32.30000000000003	0.6185236779092489	0.04409179153130689
104.59999999999988	32.30000000000003	0.6546386430312187	0.048507420007055047
104.69999999999987	32.30000000000003	0.7822780004030218	0.06281391226287521
104.79999999999987	32.30000000000003	0.7446258010031085	0.05271255334440245
104.89999999999986	32.30000000000003	0.9576562635931856	0.07284541417799156
104.99999999999986	32.30000000000003	0.8656917966983761	0.06436313219467057
105.09999999999985	32.30000000000003	0.9017663034908802	0.0661951716554411
105.19999999999985	32.30000000000003	0.8465063223269745	0.06818001202152411
105.29999999999984	32.30000000000003	0.9382691564491745	0.0764231473510491
105.39999999999984	32.30000000000003	0.9144711730655425	0.06319534354547911
105.49999999999983	32.30000000000003	1.0274367806779525	0.07358540748210383
105.59999999999982	32.30000000000003	1.066304567208871	0.0864361349636027
105.69999999999982	32.30000000000003	1.0114116877661485	0.08668077995832692
105.79999999999981	32.30000000000003	0.9576562635931856	0.08820735063661783
105.8999999999998	32.30000000000003	0.9068054974258496	0.0810945172007131
102.5	32.400000000000034	0.7429232595564385	0.05479328694477023
102.6	32.400000000000034	0.6997324426080102	0.048640736016552874
102.69999999999999	32.400000000000034	0.7230851800272126	0.05109313191647538
102.79999999999998	32.400000000000034	0.8894108333678108	0.06673326632895052
102.89999999999998	32.400000000000034	0.908074140212025	0.07095797465084291
102.99999999999997	32.400000000000034	0.8633895163424503	0.06746828271669089
103.09999999999997	32.400000000000034	0.908074140212025	0.06817558187101287
103.19999999999996	32.400000000000034	0.9157614505102016	0.06823554521241498
103.29999999999995	32.400000000000034	0.7279444738622413	0.05219216979270041
103.39999999999995	32.400000000000034	0.671542386347502	0.04461003891923005
103.49999999999994	32.400000000000034	0.6792603352216343	0.045407000585125125
103.59999999999994	32.400000000000034	0.696732466790675	0.049314233377712645
103.69999999999993	32.400000000000034	0.8281553070271886	0.0623447207100509
103.79999999999993	32.400000000000034	0.7119958065452913	0.05033235740927197
103.89999999999992	32.400000000000034	0.5440311676628932	0.023295334354100857
103.99999999999991	32.400000000000034	0.5618864549996888	0.01835846367148325
104.09999999999991	32.400000000000034	0.5556474595064491	0.025211895528103198
104.1999999999999	32.400000000000034	0.7585330269869732	0.04430373313773516
104.2999999999999	32.400000000000034	0.8187594641103887	0.057153639775047504
104.39999999999989	32.400000000000034	0.7303987529034685	0.056254399505761776
104.49999999999989	32.400000000000034	0.6792603352216343	0.051768005232377366
104.59999999999988	32.400000000000034	0.642351271610849	0.04808835661598819
104.69999999999987	32.400000000000034	0.6552984063500673	0.04357155056492037
104.79999999999987	32.400000000000034	0.7463361829690418	0.05220863290008416
104.89999999999986	32.400000000000034	0.8432088570003586	0.06293952256866875
104.99999999999986	32.400000000000034	0.7620915929413338	0.048462759882646624
105.09999999999985	32.400000000000034	0.9170553876839299	0.07130436656286203
105.19999999999985	32.400000000000034	0.8313355072388848	0.06267548989084532
105.29999999999984	32.400000000000034	0.7889277411280523	0.061314463825535764
105.39999999999984	32.400000000000034	0.9235805204058829	0.06846530519299515
105.49999999999983	32.400000000000034	0.9030208251362212	0.07789923159105414
105.59999999999982	32.400000000000034	0.8869803980147536	0.08005084416458566
105.69999999999982	32.400000000000034	0.9042788548013604	0.08396532463893364
105.79999999999981	32.400000000000034	0.9157614505102009	0.0859000144039691
105.8999999999998	32.400000000000034	0.8762063695044866	0.07323095391009918
102.5	32.500000000000036	0.6900758707924703	0.05061015168840474
102.6	32.500000000000036	0.6792603352216343	0.050273389926355154
102.69999999999999	32.500000000000036	0.6750286458738257	0.04899424662363826
102.79999999999998	32.500000000000036	0.7489165760716101	0.05078644941520072
102.89999999999998	32.500000000000036	0.7976458325003898	0.05957293624352275
102.99999999999997	32.500000000000036	0.8645391187132581	0.06803958852503746
103.09999999999997	32.500000000000036	0.931534779701978	0.07157728922610124
103.19999999999996	32.500000000000036	0.9157614505102009	0.06879558884067573
103.29999999999995	32.500000000000036	0.7073468903065725	0.051648820360496873
103.39999999999995	32.500000000000036	0.7558858905669062	0.055940494961467364
103.49999999999994	32.500000000000036	0.7198816149622569	0.0522983877958974
103.59999999999994	32.500000000000036	0.8075620509700255	0.06211612108374241
103.69999999999993	32.500000000000036	0.7454800085317628	0.05800077400019468
103.79999999999993	32.500000000000036	0.6878852400540891	0.04970557569273595
103.89999999999992	32.500000000000036	0.5702600040960388	0.02440716700405163
103.99999999999991	32.500000000000036	0.5727705878020939	0.019072122962055814
104.09999999999991	32.500000000000036	0.5851362209375037	0.01786223075884361
104.1999999999999	32.500000000000036	0.778528371581415	0.04108244114665859
104.2999999999999	32.500000000000036	0.7757397172104007	0.044363773080511384
104.39999999999989	32.500000000000036	0.6520128464843603	0.04612065179761619
104.49999999999989	32.500000000000036	0.6423512716108498	0.04463880689433853
104.59999999999988	32.500000000000036	0.6335890643738318	0.042929252771726975
104.69999999999987	32.500000000000036	0.6864325460771674	0.04342340511662699
104.79999999999987	32.500000000000036	0.7104393777165825	0.045971067322252826
104.89999999999986	32.500000000000036	0.7720525214589193	0.05477713012968596
104.99999999999986	32.500000000000036	0.8055590754955188	0.056190499766898334
105.09999999999985	32.500000000000036	0.8785778399259534	0.07156277364972259
105.19999999999985	32.500000000000036	0.7693101053721406	0.05631098017135687
105.29999999999984	32.500000000000036	0.7198816149622578	0.06505592879213856
105.39999999999984	32.500000000000036	0.6533231014343014	0.05587617040732242
105.49999999999983	32.500000000000036	0.7515149187097268	0.06189564663121638
105.59999999999982	32.500000000000036	0.8588216173226472	0.0748621750443186
105.69999999999982	32.500000000000036	0.8025732257538798	0.07002555310148287
105.79999999999981	32.500000000000036	0.7947184122869332	0.06580987783142737
105.8999999999998	32.500000000000036	0.8531794842371375	0.06357725862660163
102.5	32.60000000000004	0.6373147999619792	0.04530617551651693
102.6	32.60000000000004	0.6268706818606657	0.042552628369657654
102.69999999999999	32.60000000000004	0.6552984063500673	0.045003724564119205
102.79999999999998	32.60000000000004	0.6526673151259157	0.043849084219292615
102.89999999999998	32.60000000000004	0.6908091914329907	0.047679424556034286
102.99999999999997	32.60000000000004	0.7303987529034685	0.05220839357915044
103.09999999999997	32.60000000000004	0.8565558039476516	0.0650758660418465
103.19999999999996	32.60000000000004	0.8656917966983761	0.06428027895432434
103.29999999999995	32.60000000000004	0.7794623957941847	0.05924125560711379
103.39999999999995	32.60000000000004	0.9042788548013604	0.06919701135715366
103.49999999999994	32.60000000000004	0.8703335137874624	0.06836226500574451
103.59999999999994	32.60000000000004	0.9676546500142886	0.07887246669091917
103.69999999999993	32.60000000000004	0.9823072709807283	0.07278432895377013
103.79999999999993	32.60000000000004	0.8292126586334401	0.06165957216012457
103.89999999999992	32.60000000000004	0.6126965673892271	0.033862177308345495
103.99999999999991	32.60000000000004	0.5490818622062238	0.02593144871696362
104.09999999999991	32.60000000000004	0.5264238490989229	0.027254459057753894
104.1999999999999	32.60000000000004	0.6126965673892263	0.026216781502940392
104.2999999999999	32.60000000000004	0.5958568998424404	0.030808058593282305
104.39999999999989	32.60000000000004	0.5804369490529079	0.030314802716918693
104.49999999999989	32.60000000000004	0.6197024485972205	0.041130249942760974
104.59999999999988	32.60000000000004	0.6552984063500673	0.044925898062534254
104.69999999999987	32.60000000000004	0.6937581593055376	0.04550566693228916
104.79999999999987	32.60000000000004	0.7947184122869332	0.053377044805342826
104.89999999999986	32.60000000000004	0.7766670403524643	0.05776889703924218
104.99999999999986	32.60000000000004	0.8187594641103887	0.06022345700341916
105.09999999999985	32.60000000000004	0.8334692864817579	0.06029513092805414
105.19999999999985	32.60000000000004	0.7420749121587777	0.05843518392996209
105.29999999999984	32.60000000000004	0.8136313659306534	0.0592843847408917
105.39999999999984	32.60000000000004	0.6566219382266675	0.04293650242810466
105.49999999999983	32.60000000000004	0.6461812731203053	0.04769797082475162
105.59999999999982	32.60000000000004	0.6633207688551755	0.0491981051857121
105.69999999999982	32.60000000000004	0.6398231066687422	0.04685169459273826
105.79999999999981	32.60000000000004	0.7019994702833506	0.05406352094238953
105.8999999999998	32.60000000000004	0.7870162757601503	0.05380403041608215
102.5	32.70000000000004	0.6035985336460166	0.03958778195424899
102.6	32.70000000000004	0.5958568998424404	0.03810660071433772
102.69999999999999	32.70000000000004	0.6098240593018134	0.03995029744010964
102.79999999999998	32.70000000000004	0.6305174574708902	0.04205814601908383
102.89999999999998	32.70000000000004	0.6404532769934295	0.043131615885890894
102.99999999999997	32.70000000000004	0.6626447294367667	0.04438565794650825
103.09999999999997	32.70000000000004	0.655959503396544	0.04228626355374535
103.19999999999996	32.70000000000004	0.6871581236945988	0.04362858848343704
103.29999999999995	32.70000000000004	0.7081174798094877	0.053497076200771626
103.39999999999995	32.70000000000004	0.7832210732648708	0.058840358676358985
103.49999999999994	32.70000000000004	0.8410248263689479	0.06434616006806612
103.59999999999994	32.70000000000004	0.9464805746817844	0.07290895184621468
103.69999999999993	32.70000000000004	0.9183530002371413	0.07033456810658072
103.79999999999993	32.70000000000004	0.7446258010031085	0.0534407996994934
103.89999999999992	32.70000000000004	0.492552761176921	0.02979259404656729
103.99999999999991	32.70000000000004	0.4487413666806406	0.025110073078394076
104.09999999999991	32.70000000000004	0.46979600035831526	0.02397413329551538
104.1999999999999	32.70000000000004	0.734526290136295	0.040065858173121624
104.2999999999999	32.70000000000004	0.5589895747184294	0.027789630363919345
104.39999999999989	32.70000000000004	0.5773458727717569	0.03222872242646083
104.49999999999989	32.70000000000004	0.55850966691942	0.03249513590627202
104.59999999999988	32.70000000000004	0.6708494598040343	0.044307254288877065
104.69999999999987	32.70000000000004	0.9342168516223506	0.06578243814275457
104.79999999999987	32.70000000000004	0.9119015352064019	0.0650835330919163
104.89999999999986	32.70000000000004	0.9749256773243238	0.07693489999136278
104.99999999999986	32.70000000000004	0.8894108333678108	0.06588255589389652
105.09999999999985	32.70000000000004	0.8260486970949109	0.057084844845453335
105.19999999999985	32.70000000000004	0.754131399295803	0.05095336699187137
105.29999999999984	32.70000000000004	0.8980236400360702	0.0613077629597333
105.39999999999984	32.70000000000004	0.763883458634547	0.055255693812126326
105.49999999999983	32.70000000000004	0.696732466790675	0.05366766299419155
105.59999999999982	32.70000000000004	0.6619700692834238	0.04686794816986222
105.69999999999982	32.70000000000004	0.5747950505167986	0.041923019375327907
105.79999999999981	32.70000000000004	0.7775965891283065	0.05616776200157446
105.8999999999998	32.70000000000004	0.8005949605754659	0.05661075029657119
102.5	32.80000000000004	0.6268706818606657	0.042310897206441836
102.6	32.80000000000004	0.6238638268696827	0.04180480792370429
102.69999999999999	32.80000000000004	0.6311293897849647	0.04229046941648112
102.79999999999998	32.80000000000004	0.6566219382266675	0.042936502428104664
102.89999999999998	32.80000000000004	0.6500573068926891	0.04180352407692897
102.99999999999997	32.80000000000004	0.6379400277600683	0.04234868182443288
103.09999999999997	32.80000000000004	0.6507078463185779	0.04201588551315688
103.19999999999996	32.80000000000004	0.682827568714686	0.044573383670971224
103.29999999999995	32.80000000000004	0.7073468903065725	0.05184391829959769
103.39999999999995	32.80000000000004	0.7558858905669062	0.05532801879947387
103.49999999999994	32.80000000000004	0.8229088606578385	0.06146209587791088
103.59999999999994	32.80000000000004	0.8249994180841016	0.06736674511265082
103.69999999999993	32.80000000000004	0.7143433076847916	0.057712995113335115
103.79999999999993	32.80000000000004	0.6002561555053163	0.04359897335150119
103.89999999999992	32.80000000000004	0.41471798826701944	0.026657645587670017
103.99999999999991	32.80000000000004	0.37440847114297543	0.017564721308734352
104.09999999999991	32.80000000000004	0.575303407532869	0.0308669908616402
104.1999999999999	32.80000000000004	0.644260569830966	0.03809228642124988
104.2999999999999	32.80000000000004	0.5346428174136386	0.026898229716465258
104.39999999999989	32.80000000000004	0.5386263721320319	0.03195045327659052
104.49999999999989	32.80000000000004	0.6354464613129185	0.03983192287801316
104.59999999999988	32.80000000000004	0.8821592958356005	0.06971390112541366
104.69999999999987	32.80000000000004	1.0715932601398162	0.08071412354611618
104.79999999999987	32.80000000000004	1.1025875991936522	0.09156226594824544
104.89999999999986	32.80000000000004	0.9409903567422798	0.07431504539196959
104.99999999999986	32.80000000000004	0.9030208251362212	0.0745255274300096
105.09999999999985	32.80000000000004	0.8785778399259534	0.06814316293613236
105.19999999999985	32.80000000000004	0.7387008555839132	0.05212032320399191
105.29999999999984	32.80000000000004	0.8260486970949102	0.05571396315031123
105.39999999999984	32.80000000000004	0.655959503396544	0.04361559341117223
105.49999999999983	32.80000000000004	0.5556474595064491	0.041190102370828596
105.59999999999982	32.80000000000004	0.8281553070271886	0.06459503569286058
105.69999999999982	32.80000000000004	0.6785513655731458	0.05536819295700237
105.79999999999981	32.80000000000004	0.7947184122869332	0.054028988354828965
105.8999999999998	32.80000000000004	0.8025732257538798	0.05448486103151489
102.5	32.90000000000004	0.6572857149129512	0.04607094067168126
102.6	32.90000000000004	0.6533231014343014	0.045366465687993886
102.69999999999999	32.90000000000004	0.6694678963061321	0.046327154647189214
102.79999999999998	32.90000000000004	0.6579508375444884	0.043133564519947105
102.89999999999998	32.90000000000004	0.6944993478441751	0.04494802234480507
102.99999999999997	32.90000000000004	0.6886139000659044	0.043601945955900966
103.09999999999997	32.90000000000004	0.6646770024733099	0.04071745088642192
103.19999999999996	32.90000000000004	0.6849859875315434	0.042758483697824805
103.29999999999995	32.90000000000004	0.6974800413734625	0.047759131766930384
103.39999999999995	32.90000000000004	0.6878852400540891	0.04744204714300342
103.49999999999994	32.90000000000004	0.7151292595735161	0.05172544028679623
103.59999999999994	32.90000000000004	0.7454800085317628	0.05579894921426069
103.69999999999993	32.90000000000004	0.5707603560431894	0.04175014970277625
103.79999999999993	32.90000000000004	0.3659894505133905	0.023199310579194426
103.89999999999992	32.90000000000004	0.38209958422967727	0.025570503632404755
103.99999999999991	32.90000000000004	0.38732826325320663	0.021263359455122928
104.09999999999991	32.90000000000004	0.5155783697227686	0.02899453874232004
104.1999999999999	32.90000000000004	0.45154325728796324	0.022524293270911207
104.2999999999999	32.90000000000004	0.460814700474664	0.02229143447350882
104.39999999999989	32.90000000000004	0.6041592247165543	0.03868678744810995
104.49999999999989	32.90000000000004	0.6256644624201081	0.04024317186521768
104.59999999999988	32.90000000000004	0.9005152751604566	0.07269574658421003
104.69999999999987	32.90000000000004	1.0339905875219024	0.07390361863208558
104.79999999999987	32.90000000000004	1.0129915647358099	0.07245064529813856
104.89999999999986	32.90000000000004	0.7050451739473076	0.055637630115642246
104.99999999999986	32.90000000000004	0.7035190185289513	0.055936096924857126
105.09999999999985	32.90000000000004	0.7684003023272233	0.061117982813277585
105.19999999999985	32.90000000000004	0.803566039555594	0.06464508128942205
105.29999999999984	32.90000000000004	0.6886139000659044	0.04855640301482618
105.39999999999984	32.90000000000004	0.6144331201809802	0.04776026306010864
105.49999999999983	32.90000000000004	0.5947671588337793	0.048606455598807254
105.59999999999982	32.90000000000004	0.7966676256761909	0.06243084928123857
105.69999999999982	32.90000000000004	0.8177286643725612	0.06635864976801002
105.79999999999981	32.90000000000004	0.7870162757601503	0.05550255772555972
105.8999999999998	32.90000000000004	0.7966676256761909	0.055889168964062666
102.5	33.00000000000004	0.6701579646032909	0.04738667761360495
102.6	33.00000000000004	0.6743284953798441	0.04731782796685869
102.69999999999999	33.00000000000004	0.6799707909511112	0.04741664219258231
102.79999999999998	33.00000000000004	0.672932551311608	0.043404464454923276
102.89999999999998	33.00000000000004	0.6612967841703408	0.043102138753587704
102.99999999999997	33.00000000000004	0.7012421604275536	0.04481411325271363
103.09999999999997	33.00000000000004	0.6722367486913019	0.040928631266967136
103.19999999999996	33.00000000000004	0.6930185544653429	0.04438152454384115
103.29999999999995	33.00000000000004	0.6533231014343005	0.04173439279643017
103.39999999999995	33.00000000000004	0.6592851370830822	0.04286362932382056
103.49999999999994	33.00000000000004	0.6366907986937729	0.04326283758134101
103.59999999999994	33.00000000000004	0.5381808221665193	0.03714322016915618
103.69999999999993	33.00000000000004	0.49517639433981947	0.032954146805907455
103.79999999999993	33.00000000000004	0.3629291717244962	0.02059657960277816
103.89999999999992	33.00000000000004	0.3737636238423684	0.022499470966176497
103.99999999999991	33.00000000000004	0.25434344523498315	0.00816565124501456
104.09999999999991	33.00000000000004	0.41471798826702033	0.023043201444965026
104.1999999999999	33.00000000000004	0.39034743901998786	0.018702297089392358
104.2999999999999	33.00000000000004	0.4936737596399142	0.02928324361020098
104.39999999999989	33.00000000000004	0.6660388042850816	0.04524311881443055
104.49999999999989	33.00000000000004	0.6806827374485056	0.04586240726897237
104.59999999999988	33.00000000000004	0.9492498743452221	0.0753876246108197
104.69999999999987	33.00000000000004	1.042301937151257	0.07404584094179946
104.79999999999987	33.00000000000004	0.7567662088950916	0.04771613446037012
104.89999999999986	33.00000000000004	0.6019226972668548	0.03975670016207728
104.99999999999986	33.00000000000004	0.5904478260095315	0.04190104505683414
105.09999999999985	33.00000000000004	0.6694678963061321	0.05299580605434406
105.19999999999985	33.00000000000004	0.7860640217560652	0.06475480534502324
105.29999999999984	33.00000000000004	0.7515149187097268	0.05747101996750567
105.39999999999984	33.00000000000004	0.7515149187097268	0.05756310851113881
105.49999999999983	33.00000000000004	0.7127765868736311	0.057660104647278936
105.59999999999982	33.00000000000004	0.7387008555839132	0.057137257348565694
105.69999999999982	33.00000000000004	0.7567662088950916	0.06088401454013644
105.79999999999981	33.00000000000004	0.778528371581415	0.05879496363871604
105.8999999999998	33.00000000000004	0.7480544598733684	0.056521008587230415
102.5	33.100000000000044	0.6764333265386755	0.04733467245581115
102.6	33.100000000000044	0.6792603352216343	0.04712078562306418
102.69999999999999	33.100000000000044	0.7019994702833506	0.04919859242405634
102.79999999999998	33.100000000000044	0.6864325460771674	0.04548489985235497
102.89999999999998	33.100000000000044	0.6579508375444884	0.04061753668205587
102.99999999999997	33.100000000000044	0.7104393777165825	0.044433625063991816
103.09999999999997	33.100000000000044	0.7112167387063888	0.04453259760373453
103.19999999999996	33.100000000000044	0.6750286458738257	0.041255455666388274
103.29999999999995	33.100000000000044	0.6646770024733099	0.04188338855770739
103.39999999999995	33.100000000000044	0.6646770024733099	0.0391640445659734
103.49999999999994	33.100000000000044	0.6586173102270306	0.04132685318726264
103.59999999999994	33.100000000000044	0.7042812676452679	0.04741856577754631
103.69999999999993	33.100000000000044	0.7361904279663762	0.05329595316522176
103.79999999999993	33.100000000000044	0.7429232595564385	0.05251711775966621
103.89999999999992	33.100000000000044	0.8126134675579724	0.06591324659518702
103.99999999999991	33.100000000000044	0.43757902022158274	0.02379623215019313
104.09999999999991	33.100000000000044	0.3597208171783273	0.017448219463751313
104.1999999999999	33.100000000000044	0.4120925610470489	0.02100398326232494
104.2999999999999	33.100000000000044	0.5947671588337793	0.040702218101377766
104.39999999999989	33.100000000000044	0.8703335137874624	0.06305953864865747
104.49999999999989	33.100000000000044	0.7927787403376227	0.052674404003356476
104.59999999999988	33.100000000000044	0.7255066714861175	0.04607097360848113
104.69999999999987	33.100000000000044	0.7312205363707062	0.04764450141696183
104.79999999999987	33.100000000000044	0.7246977034630956	0.045725625280304286
104.89999999999986	33.100000000000044	0.5814746872756831	0.03845509708121491
104.99999999999986	33.100000000000044	0.5799194697768673	0.038651105274438664
105.09999999999985	33.100000000000044	0.6886139000659044	0.05249423129117986
105.19999999999985	33.100000000000044	0.7832210732648708	0.06044186752848707
105.29999999999984	33.100000000000044	0.7986264512797115	0.06585873313267984
105.39999999999984	33.100000000000044	0.8487190435957845	0.06692461803374927
105.49999999999983	33.100000000000044	0.7112167387063888	0.05526150353075847
105.59999999999982	33.100000000000044	0.7174975501400968	0.05411982169584026
105.69999999999982	33.100000000000044	0.7454800085317628	0.058641455546955504
105.79999999999981	33.100000000000044	0.7665871534358283	0.056929297539869465
105.8999999999998	33.100000000000044	0.7757397172104007	0.05629471492624595
102.6	33.200000000000045	0.6701579646032909	0.047366478659173386
102.69999999999999	33.200000000000045	0.6722367486913019	0.04746165961151204
102.79999999999998	33.200000000000045	0.6667218040116448	0.04377397836817006
102.89999999999998	33.200000000000045	0.6806827374485063	0.04472685416831015
102.99999999999997	33.200000000000045	0.716706375021948	0.046095627742181386
103.09999999999997	33.200000000000045	0.7127765868736311	0.045558601783184806
103.19999999999996	33.200000000000045	0.6701579646032909	0.04092860416490722
103.29999999999995	33.200000000000045	0.7027584211999546	0.044117424387788845
103.39999999999995	33.200000000000045	0.6922805282424802	0.04292149844211399
103.49999999999994	33.200000000000045	0.8520599704289165	0.053364621700929656
103.59999999999994	33.200000000000045	0.8906310701826243	0.06567589513206673
103.69999999999993	33.200000000000045	1.0114116877661494	0.07317034681863395
103.79999999999993	33.200000000000045	0.7576485852871371	0.059597173958809445
103.89999999999992	33.200000000000045	1.0209659111958407	0.07885231838430924
103.99999999999991	33.200000000000045	0.5763228278992293	0.04393785437218368
104.09999999999991	33.200000000000045	0.3875588473195042	0.019447319264975962
104.1999999999999	33.200000000000045	0.44658606412737917	0.0254434320652319
104.2999999999999	33.200000000000045	0.6075454046230284	0.041033550423345604
104.39999999999989	33.200000000000045	0.7822780004030218	0.05351207216304003
104.49999999999989	33.200000000000045	0.7870162757601503	0.051061554617866614
104.59999999999988	33.200000000000045	0.7506467985279264	0.05111891699253604
104.69999999999987	33.200000000000045	0.6619700692834238	0.0420308680611239
104.79999999999987	33.200000000000045	0.7135590853566826	0.04766342545293964
104.89999999999986	33.200000000000045	0.6494080693301453	0.04481421184039609
104.99999999999986	33.200000000000045	0.7127765868736311	0.053185720895687426
105.09999999999985	33.200000000000045	0.7738917158468022	0.06285178875995763
105.19999999999985	33.200000000000045	0.8410248263689479	0.07212111894093334
105.29999999999984	33.200000000000045	0.9068054974258496	0.07571396793676376
105.39999999999984	33.200000000000045	0.8645391187132581	0.06929405441793159
105.49999999999983	33.200000000000045	0.7794623957941847	0.06291155111966246
105.59999999999982	33.200000000000045	0.7463361829690418	0.053819131014603186
105.69999999999982	33.200000000000045	0.7515149187097268	0.05253219849170631
105.79999999999981	33.200000000000045	0.7506467985279264	0.05534928042561826
105.8999999999998	33.200000000000045	0.7497806866412371	0.053724177114982424
102.79999999999998	33.30000000000005	0.682827568714686	0.04460807929447978
102.89999999999998	33.30000000000005	0.6592851370830822	0.04205082484327577
102.99999999999997	33.30000000000005	0.7222816125286428	0.04675139887768315
103.09999999999997	33.30000000000005	0.6813961794205196	0.04222861653790862
103.19999999999996	33.30000000000005	0.6864325460771674	0.04291096766287551
103.29999999999995	33.30000000000005	0.6944993478441751	0.04366506993393449
103.39999999999995	33.30000000000005	0.7238905416622635	0.048435393350745766
103.49999999999994	33.30000000000005	0.7620915929413338	0.051644040817549995
103.59999999999994	33.30000000000005	0.8691684086740231	0.06519483489631658
103.69999999999993	33.30000000000005	1.0628078226762894	0.08802151950153335
103.79999999999993	33.30000000000005	1.1178055935092743	0.09506520741914129
103.89999999999992	33.30000000000005	0.9005152751604566	0.07346420838100083
103.99999999999991	33.30000000000005	0.734526290136295	0.05501259808083475
104.09999999999991	33.30000000000005	0.43582107112503543	0.025280047538699457
104.1999999999999	33.30000000000005	0.45469783043095563	0.026972257567492122
104.2999999999999	33.30000000000005	0.5788872784900048	0.03948354200378401
104.39999999999989	33.30000000000005	0.7159169467637669	0.05107752361639827
104.49999999999989	33.30000000000005	0.6785513655731458	0.04451265637756183
104.59999999999988	33.30000000000005	0.5920601924615647	0.033566803772936235
104.69999999999987	33.30000000000005	0.6849859875315434	0.04110193109969504
104.79999999999987	33.30000000000005	0.7558858905669062	0.05401061747219205
104.89999999999986	33.30000000000005	0.8762063695044866	0.0770094481970368
104.99999999999986	33.30000000000005	0.9808219855610726	0.0863403622528221
105.09999999999985	33.30000000000005	0.9647766406054925	0.08308671860320187
105.19999999999985	33.30000000000005	1.0356421862317047	0.09412731870019585
105.29999999999984	33.30000000000005	0.9898019831940821	0.07991278298280258
105.39999999999984	33.30000000000005	0.8918546716063068	0.06774130346989625
105.49999999999983	33.30000000000005	0.8356140812629875	0.05986545973282507
105.59999999999982	33.30000000000005	0.7693101053721406	0.05729109762347978
105.69999999999982	33.30000000000005	0.7403840305477312	0.052382249756109375
105.79999999999981	33.30000000000005	0.7403840305477312	0.05399053374783333
105.8999999999998	33.30000000000005	0.7151292595735161	0.05074457297294547
103.19999999999996	33.40000000000005	0.6586173102270306	0.04183140859406816
103.29999999999995	33.40000000000005	0.6764333265386755	0.043723979074426676
103.39999999999995	33.40000000000005	0.7127765868736311	0.045999981552926464
103.49999999999994	33.40000000000005	0.7523850541972457	0.049923648751795204
103.59999999999994	33.40000000000005	0.762986471040423	0.05357729638048533
103.69999999999993	33.40000000000005	0.8750254448622512	0.06449981029962412
103.79999999999993	33.40000000000005	0.9301995325249282	0.06915587134919611
103.89999999999992	33.40000000000005	0.8187594641103887	0.06678711671858607
103.99999999999991	33.40000000000005	0.6667218040116448	0.051316022386784586
104.09999999999991	33.40000000000005	0.5099217742731978	0.03252033406382029
104.1999999999999	33.40000000000005	0.49292586063257426	0.030172978940084465
104.2999999999999	33.40000000000005	0.527704719515104	0.03407783223938196
104.39999999999989	33.40000000000005	0.5872493361902958	0.039264935799603544
104.49999999999989	33.40000000000005	0.6268706818606657	0.038436585455064565
104.59999999999988	33.40000000000005	0.6317425131386656	0.039596687351414785
104.69999999999987	33.40000000000005	0.7088897538467517	0.04547837523847078
104.79999999999987	33.40000000000005	0.8055590754955188	0.06546896155437133
104.89999999999986	33.40000000000005	0.9823072709807276	0.09243590501249804
104.99999999999986	33.40000000000005	1.042301937151257	0.09524777474650133
105.09999999999985	33.40000000000005	1.0193609677489357	0.08829511995430094
105.19999999999985	33.40000000000005	1.0323442729664323	0.09185918295934556
105.29999999999984	33.40000000000005	0.9928321280367105	0.08845110350863028
105.39999999999984	33.40000000000005	0.9913147300201444	0.07642361061916517
105.49999999999983	33.40000000000005	0.9248967477746295	0.06605027818381587
105.59999999999982	33.40000000000005	0.8085672893644061	0.054366829010062796
105.69999999999982	33.40000000000005	0.7832210732648708	0.05745874236006384
